0 0 0 0 0 0
0 0 0 0 0 0
0 0 0 0 0 0
0 0 0 0 0 0
0 0 0 0 0 0
0 0 0 0 0 0
0 0 0 0 0 0
0 0 0 0 0 0
0 0 0 0 0 0
0 0 0 0 0 0
0 0 0 0 0 0
0 0 0 0 0 0
0 0 0 0 0 0
0 0 0 0 0 0
0 0 0 0 0 0
0 0 0 0 0 0
0 0 0 0 0 0
0 0 0 0 0 0
0 0 0 0 0 0
0 0 0 0 0 0
0 0 0 0 0 0
0 0 0 0 0 0
0 0 0 0 0 0
0 0 0 0 0 0
0 0 0 0 0 0
0 0 0 0 0 0
0 0 0 0 0 0
0 0 0 0 0 0
0 0 0 0 0 0
0 0 0 0 0 0
0 0 0 0 0 0
0 0 0 0 0 0
0 0 0 0 0 0
0 0 0 0 0 0
0 0 0 0 0 0
0 0 0 0 0 0
0 0 0 0 0 0
0 0 0 0 0 0
0 0 0 0 0 0
0 0 0 0 0 0
0 0 0 0 0 0
0 0 0 0 0 0
0 0 0 0 0 0
0 0 0 1 0 0
0 0 0 1 0 0
0 0 0 1 0 0
0 0 0 1 0 0
0 0 0 1 0 0
0 0 0 1 0 0
0 0 0 1 0 0
0 0 0 1 0 0
0 0 0 1 0 0
0 0 0 1 0 0
0 0 0 1 0 0
0 0 0 1 0 0
0 0 0 1 0 0
0 0 0 1 0 0
0 0 0 1 0 0
0 0 0 1 1 0.005
0 -0.005 0.025 1 1 0.01
4.36333e-06 -0.015 0.075 1 1 0.015
2.39983e-05 -0.03 0.15 1 1 0.02
7.63583e-05 -0.0499999 0.25 1 1 0.025
0.000185441 -0.0749997 0.375 1 1 0.03
0.00038179 -0.104999 0.525 1 1 0.035
0.00070249 -0.139998 0.7 1 1 0.04
0.00119117 -0.179995 0.9 1 1 0.045
0.001898 -0.224989 1.125 1 1 0.05
0.00287969 -0.274979 1.375 1 1 0.055
0.00419947 -0.329964 1.65 1 1 0.06
0.00592711 -0.389939 1.95 1 1 0.065
0.0081389 -0.454901 2.275 1 1 0.07
0.0109176 -0.524846 2.625 1 1 0.075
0.0143525 -0.599767 3 1 1 0.08
0.0185394 -0.679658 3.4 1 1 0.085
0.0235805 -0.764508 3.825 1 1 0.09
0.0295843 -0.854307 4.275 1 1 0.095
0.036666 -0.949043 4.75 1 1 0.1
0.0449468 -1.0487 5.25 1 1 0.105
0.0545545 -1.15326 5.775 1 1 0.11
0.065623 -1.2627 6.325 1 1 0.115
0.0782923 -1.377 6.9 1 1 0.12
0.0927088 -1.49613 7.5 1 1 0.125
0.109025 -1.62006 8.125 1 1 0.13
0.127398 -1.74876 8.775 1 1 0.135
0.147993 -1.88218 9.45 1 1 0.14
0.170979 -2.02028 10.15 1 1 0.145
0.196532 -2.16301 10.875 1 1 0.15
0.224832 -2.31031 11.625 1 1 0.155
0.256065 -2.46213 12.4 1 1 0.16
0.290423 -2.6184 13.2 1 1 0.165
0.328101 -2.77904 14.025 1 1 0.17
0.3693 -2.94397 14.875 1 1 0.175
0.414224 -3.11311 15.75 1 1 0.18
0.463084 -3.28635 16.65 1 1 0.185
0.516091 -3.4636 17.575 1 1 0.19
0.573462 -3.64473 18.525 1 1 0.195
0.635418 -3.82962 19.5 1 1 0.2
0.702179 -4.01815 20.5 1 1 0.205
0.773972 -4.21017 21.525 1 1 0.21
0.851022 -4.40552 22.575 1 1 0.215
0.933559 -4.60405 23.65 1 1 0.22
1.02181 -4.80557 24.75 1 1 0.225
1.11601 -5.0099 25.875 1 1 0.23
1.21639 -5.21685 27.025 1 1 0.235
1.32316 -5.42619 28.2 0 1 0.24
1.43658 -5.6377 29.25 0 1 0.245
1.55629 -5.85146 29.8625 -1 1 0.25
1.68077 -6.06826 30.3313 -1 1 0.255
1.80954 -6.28836 30.65 -1 1 0.26
1.94209 -6.51204 30.8125 -1 1 0.265
2.07783 -6.73963 30.8125 -1 1 0.27
2.21613 -6.97152 30.6438 -1 1 0.275
2.3563 -7.20812 30.3 -1 1 0.28
2.49757 -7.44987 29.775 -1 1 0.285
2.6391 -7.69724 29.0625 -1 1 0.29
2.77997 -7.95073 28.1563 -1 1 0.295
2.91918 -8.21082 27.05 -1 1 0.3
3.05561 -8.478 25.7375 -1 1 0.305
3.18805 -8.75275 24.2125 -1 1 0.31
3.31519 -9.03547 22.6625 -1 1 0.315
3.43656 -9.32615 21.0875 -1 1 0.32
3.5517 -9.62472 19.4875 -1 1 0.325
3.66012 -9.93111 17.8625 -1 1 0.33
3.76134 -10.2452 16.2125 -1 1 0.335
3.85487 -10.5669 14.5375 -1 1 0.34
3.94022 -10.896 12.8375 -1 1 0.345
4.01687 -11.2324 11.1125 -1 1 0.35
4.08433 -11.5758 9.3625 -1 1 0.355
4.14208 -11.9261 7.5875 -1 1 0.36
4.18961 -12.2829 5.7875 -1 1 0.365
4.22642 -12.6461 3.9625 -1 1 0.37
4.25199 -13.0152 2.1125 -1 1 0.375
4.26581 -13.3899 0.2375 -1 1 0.38
4.26739 -13.7699 -1.6625 -1 1 0.385
4.25622 -14.1548 -3.5875 -1 1 0.39
4.23181 -14.544 -5.5375 -1 1 0.395
4.1937 -14.9372 -7.5125 0 1 0.4
4.1414 -15.3337 -8.7625 1 1 0.405
4.0797 -15.734 -9.775 1 1 0.41
4.01009 -16.138 -10.5438 1 1 0.415
3.93415 -16.546 -11.0625 1 1 0.42
3.85356 -16.9582 -11.325 1 1 0.425
3.77011 -17.375 -11.325 1 1 0.43
3.68566 -17.7966 -11.0563 1 1 0.435
3.60224 -18.2235 -10.5125 1 1 0.44
3.52197 -18.6561 -9.6875 1 1 0.445
3.44708 -19.0948 -8.575 1 1 0.45
3.37999 -19.5397 -7.16875 1 1 0.455
3.32321 -19.9912 -5.4625 1 1 0.46
3.27942 -20.4491 -3.45 1 1 0.465
3.25143 -20.9133 -1.125 1 1 0.47
3.24221 -21.3832 1.225 1 1 0.475
3.25236 -21.8581 3.6 1 1 0.48
3.2825 -22.3371 6 1 1 0.485
3.3332 -22.8195 8.425 1 1 0.49
3.40499 -23.3042 10.875 1 1 0.495
3.49838 -23.7903 13.35 1 1 0.5
3.61383 -24.2768 15.85 1 1 0.5
3.75039 -24.7578 18.35 1 1 0.5
3.9078 -25.2323 20.85 1 1 0.5
4.08576 -25.6996 23.35 1 1 0.5
4.28394 -26.1586 25.85 1 1 0.5
4.50194 -26.6086 28.35 1 1 0.5
4.73937 -27.0486 30.85 1 1 0.5
4.99577 -27.4779 33.35 1 1 0.5
5.27065 -27.8956 35.85 1 1 0.5
5.56348 -28.3008 38.35 1 1 0.5
5.87371 -28.6929 40.85 1 1 0.5
6.20075 -29.0712 43.35 1 1 0.5
6.54398 -29.4347 45.85 1 1 0.5
6.90274 -29.783 48.35 1 1 0.5
7.27635 -30.1153 50.85 1 1 0.5
7.6641 -30.431 53.35 1 1 0.5
8.06525 -30.7294 55.85 1 1 0.5
8.47903 -31.0101 58.35 1 1 0.5
8.90467 -31.2725 60.85 1 1 0.5
9.34134 -31.516 63.35 1 1 0.5
9.78823 -31.7403 65.85 1 1 0.5
10.2445 -31.9449 68.35 1 1 0.5
10.7092 -32.1293 70.85 1 1 0.5
11.1815 -32.2934 73.35 1 1 0.5
11.6606 -32.4366 75.85 1 1 0.5
12.1454 -32.5588 78.35 1 1 0.5
12.6351 -32.6598 80.85 1 1 0.5
13.1287 -32.7393 83.35 1 1 0.5
13.6254 -32.7972 85.85 1 1 0.5
14.1241 -32.8334 88.35 1 1 0.5
14.6238 -32.8478 90.85 1 1 0.5
15.1238 -32.8404 93.35 1 1 0.5
15.6229 -32.8112 95.85 1 1 0.5
16.1203 -32.7602 98.35 1 1 0.5
16.615 -32.6876 100.85 1 1 0.5
17.1061 -32.5935 103.35 1 1 0.5
17.5926 -32.478 105.85 1 1 0.5
18.0736 -32.3414 108.35 1 1 0.5
18.5482 -32.184 110.85 1 1 0.5
19.0154 -32.0061 113.35 1 1 0.5
19.4745 -31.8079 115.85 1 1 0.5
19.9244 -31.5899 118.35 1 1 0.5
20.3645 -31.3524 120.85 1 1 0.5
20.7937 -31.0961 123.35 1 1 0.5
21.2114 -30.8212 125.85 0 1 0.5
21.6166 -30.5283 128.038 0 1 0.5
22.0105 -30.2202 129.913 0 1 0.5
22.394 -29.8994 130.85 -1 1 0.5
22.7722 -29.5724 131.475 -1 1 0.5
23.1468 -29.2412 131.788 -1 1 0.5
23.5196 -28.9081 131.788 -1 1 0.5
23.8924 -28.5749 131.475 -1 1 0.5
24.267 -28.2437 130.85 -1 1 0.5
24.6452 -27.9167 129.913 -1 1 0.5
25.0287 -27.5959 128.663 -1 1 0.5
25.4192 -27.2835 127.1 -1 1 0.5
25.818 -26.9819 125.225 -1 1 0.5
26.2264 -26.6935 123.038 -1 1 0.5
26.6456 -26.4209 120.538 -1 1 0.5
27.0762 -26.1669 118.038 -1 1 0.5
27.5175 -25.9318 115.538 -1 1 0.5
27.9687 -25.7163 113.038 -1 1 0.5
28.4288 -25.5206 110.538 -1 1 0.5
28.897 -25.3452 108.038 -1 1 0.5
29.3724 -25.1904 105.538 -1 1 0.5
29.8542 -25.0564 103.038 -1 1 0.5
30.3413 -24.9436 100.538 -1 1 0.5
30.8328 -24.8522 98.0375 -1 1 0.5
31.3279 -24.7823 95.5375 -1 1 0.5
31.8256 -24.734 93.0375 -1 1 0.5
32.3249 -24.7075 90.5375 -1 1 0.5
32.8249 -24.7028 88.0375 -1 1 0.5
33.3246 -24.72 85.5375 -1 1 0.5
33.8231 -24.7589 83.0375 -1 1 0.5
34.3194 -24.8195 80.5375 -1 1 0.5
34.8126 -24.9017 78.0375 -1 1 0.5
35.3017 -25.0053 75.5375 -1 1 0.5
35.7859 -25.1302 73.0375 -1 1 0.5
36.2641 -25.2761 70.5375 -1 1 0.5
36.7356 -25.4426 68.0375 -1 1 0.5
37.1993 -25.6296 65.5375 -1 1 0.5
37.6544 -25.8367 63.0375 -1 1 0.5
38.1 -26.0634 60.5375 -1 1 0.5
38.5354 -26.3093 58.0375 -1 1 0.5
38.9596 -26.574 55.5375 -1 1 0.5
39.3718 -26.8569 53.0375 -1 1 0.5
39.7714 -27.1576 50.5375 -1 1 0.5
40.1574 -27.4754 48.0375 -1 1 0.5
40.5292 -27.8097 45.5375 -1 1 0.5
40.886 -28.1599 43.0375 -1 1 0.5
41.2273 -28.5254 40.5375 -1 1 0.5
41.5522 -28.9053 38.0375 -1 1 0.5
41.8603 -29.2992 35.5375 -1 1 0.5
42.1509 -29.706 33.0375 -1 1 0.5
42.4235 -30.1252 30.5375 -1 1 0.5
42.6776 -30.5558 28.0375 -1 1 0.5
42.9126 -30.9971 25.5375 -1 1 0.5
43.1282 -31.4483 23.0375 -1 1 0.5
43.3238 -31.9084 20.5375 -1 1 0.5
43.4992 -32.3766 18.0375 -1 1 0.5
43.6541 -32.8521 15.5375 -1 1 0.5
43.788 -33.3338 13.0375 -1 1 0.5
43.9008 -33.8209 10.5375 -1 1 0.5
43.9922 -34.3125 8.0375 -1 1 0.5
44.0621 -34.8076 5.5375 -1 1 0.5
44.1104 -35.3052 3.0375 -1 1 0.5
44.1369 -35.8045 0.5375 -1 1 0.5
44.1416 -36.3045 -1.9625 -1 1 0.5
44.1244 -36.8042 -4.4625 -1 1 0.5
44.0855 -37.3027 -6.9625 -1 1 0.5
44.0249 -37.799 -9.4625 -1 1 0.5
43.9427 -38.2922 -11.9625 -1 1 0.5
43.8391 -38.7813 -14.4625 -1 1 0.5
43.7142 -39.2655 -16.9625 -1 1 0.5
43.5683 -39.7437 -19.4625 -1 1 0.5
43.4017 -40.2152 -21.9625 -1 1 0.5
43.2147 -40.6789 -24.4625 -1 1 0.5
43.0077 -41.134 -26.9625 -1 1 0.5
42.781 -41.5797 -29.4625 -1 1 0.5
42.5351 -42.015 -31.9625 -1 1 0.5
42.2704 -42.4392 -34.4625 -1 1 0.5
41.9874 -42.8514 -36.9625 -1 1 0.5
41.6868 -43.251 -39.4625 -1 1 0.5
41.369 -43.637 -41.9625 -1 0 0.499
41.0354 -44.008 -44.4575 -1 0 0.498
40.6866 -44.3635 -46.9475 -1 0 0.497
40.3234 -44.7028 -49.4325 -1 0 0.496
39.9466 -45.0253 -51.9125 -1 0 0.495
39.557 -45.3307 -54.3875 -1 0 0.494
39.1554 -45.6183 -56.8575 -1 0 0.493
38.7426 -45.8879 -59.3225 -1 0 0.492
38.3195 -46.1389 -61.7825 -1 0 0.491
37.8868 -46.371 -64.2375 -1 0 0.49
37.4455 -46.584 -66.6875 -1 0 0.489
36.9964 -46.7775 -69.1325 -1 0 0.488
36.5405 -46.9514 -71.5725 -1 0 0.487
36.0784 -47.1053 -74.0075 -1 0 0.486
35.6112 -47.2392 -76.4375 -1 0 0.485
35.1398 -47.3529 -78.8625 -1 0 0.484
34.6649 -47.4464 -81.2825 -1 0 0.483
34.1875 -47.5196 -83.6975 -1 0 0.482
33.7084 -47.5725 -86.1075 -1 0 0.481
33.2285 -47.6052 -88.5125 -1 0 0.48
32.7486 -47.6177 -90.9125 -1 0 0.479
32.2697 -47.61 -93.3075 -1 0 0.478
31.7925 -47.5824 -95.6975 -1 0 0.477
31.3178 -47.5351 -98.0825 -1 0 0.476
30.8466 -47.4682 -100.463 -1 0 0.475
30.3795 -47.3819 -102.838 -1 0 0.474
29.9173 -47.2766 -105.208 -1 0 0.473
29.4609 -47.1525 -107.573 -1 0 0.472
29.0109 -47.01 -109.933 -1 0 0.471
28.5681 -46.8494 -112.288 -1 0 0.47
28.1332 -46.6712 -114.638 -1 0 0.469
27.7069 -46.4757 -116.983 -1 0 0.468
27.2899 -46.2633 -119.323 -1 0 0.467
26.8827 -46.0346 -121.658 -1 0 0.466
26.4861 -45.79 -123.988 -1 0 0.465
26.1005 -45.5301 -126.313 -1 0 0.464
25.7266 -45.2553 -128.633 -1 0 0.463
25.3649 -44.9663 -130.948 -1 0 0.462
25.016 -44.6635 -133.258 -1 0 0.461
24.6802 -44.3476 -135.563 -1 0 0.46
24.3582 -44.0191 -137.863 -1 0 0.459
24.2555 -43.9057 -138.628 0 1 0.158
24.1511 -43.7871 -139.319 0 1 0.163
24.0449 -43.6635 -139.93 0 1 0.168
23.9367 -43.5349 -140.455 0 1 0.173
23.8266 -43.4015 -140.671 1 1 0.178
23.7138 -43.2638 -140.783 1 1 0.183
23.5981 -43.122 -140.783 1 1 0.188
23.4792 -42.9764 -140.665 1 1 0.193
23.3569 -42.8271 -140.424 1 1 0.198
23.2307 -42.6745 -140.053 1 1 0.203
23.1004 -42.5189 -139.545 1 1 0.208
22.9654 -42.3606 -138.895 1 1 0.213
22.8254 -42.2001 -138.096 1 1 0.218
22.6798 -42.0378 -137.143 1 1 0.223
22.5281 -41.8744 -136.028 1 1 0.228
22.3698 -41.7103 -134.888 1 1 0.233
22.2047 -41.5459 -133.723 1 1 0.238
22.0327 -41.3814 -132.533 1 1 0.243
21.8537 -41.2171 -131.318 1 1 0.248
21.6674 -41.0534 -130.078 1 1 0.253
21.4738 -40.8905 -128.812 1 1 0.258
21.2728 -40.7288 -127.522 1 1 0.263
21.0642 -40.5686 -126.207 1 1 0.268
20.8479 -40.4103 -124.867 1 1 0.273
20.6239 -40.2542 -123.502 1 1 0.278
20.3921 -40.1007 -122.112 1 1 0.283
20.1524 -39.9503 -120.697 1 1 0.288
19.9048 -39.8033 -119.257 1 1 0.293
19.6492 -39.6601 -117.792 1 1 0.298
19.3855 -39.5211 -116.302 1 1 0.303
19.1139 -39.3869 -114.787 1 1 0.308
18.8343 -39.2577 -113.247 1 1 0.313
18.5467 -39.1342 -111.682 1 1 0.318
18.2512 -39.0167 -110.092 1 1 0.323
17.9479 -38.9057 -108.477 1 1 0.328
17.6368 -38.8018 -106.837 1 1 0.333
17.3181 -38.7053 -105.172 1 1 0.338
16.9918 -38.6169 -103.482 1 1 0.343
16.6583 -38.5369 -101.767 1 1 0.348
16.3176 -38.4659 -100.027 1 1 0.353
15.97 -38.4044 -98.2625 1 1 0.358
15.6157 -38.353 -96.4725 1 1 0.363
15.255 -38.3121 -94.6575 1 1 0.368
14.8882 -38.2822 -92.8175 1 1 0.373
14.5157 -38.2639 -90.9525 1 1 0.378
14.1377 -38.2576 -89.0625 1 1 0.383
13.7548 -38.2638 -87.1475 1 1 0.388
13.3673 -38.2831 -85.2075 1 1 0.393
12.9756 -38.316 -83.2425 1 1 0.398
12.5804 -38.3628 -81.2525 1 1 0.403
12.1821 -38.4241 -79.2375 0 1 0.408
11.7813 -38.5003 -77.4525 0 1 0.413
11.3781 -38.59 -76.42 -1 1 0.418
10.9718 -38.6881 -75.6362 -1 1 0.423
10.562 -38.7931 -75.1075 -1 1 0.428
10.1484 -38.9031 -74.84 -1 1 0.433
9.73049 -39.0163 -74.84 -1 1 0.438
9.30774 -39.1309 -75.1137 -1 1 0.443
8.8796 -39.2447 -75.6675 -1 1 0.448
8.44555 -39.3556 -76.5075 -1 1 0.453
8.00505 -39.4612 -77.64 -1 1 0.458
7.55767 -39.5593 -79.0713 -1 1 0.463
7.10306 -39.6471 -80.8075 -1 1 0.468
6.64107 -39.7218 -82.855 -1 1 0.473
6.17175 -39.7807 -85.22 -1 1 0.478
5.69541 -39.8205 -87.61 -1 1 0.483
5.21283 -39.8406 -90.025 -1 1 0.488
4.72483 -39.8404 -92.465 -1 1 0.493
4.23229 -39.8192 -94.93 -1 1 0.498
3.73613 -39.7764 -97.42 -1 1 0.503
3.23734 -39.7114 -99.935 -1 1 0.503
2.74188 -39.6247 -102.45 -1 1 0.503
2.25071 -39.5162 -104.965 -1 1 0.503
1.76477 -39.3863 -107.48 -1 1 0.503
1.285 -39.2352 -109.995 -1 1 0.503
0.812321 -39.0632 -112.51 -1 1 0.503
0.347644 -38.8707 -115.025 -1 1 0.503
-0.108135 -38.6579 -117.54 0 1 0.503
-0.554138 -38.4253 -119.741 0 1 0.503
-0.990882 -38.1758 -120.998 1 1 0.503
-1.42204 -37.9167 -121.941 1 1 0.503
-1.84888 -37.6506 -122.57 1 1 0.503
-2.27278 -37.3798 -122.884 1 1 0.503
-2.69518 -37.1067 -122.884 1 1 0.503
-3.11758 -36.8336 -122.57 1 1 0.503
-3.54148 -36.5628 -121.941 1 1 0.503
-3.96832 -36.2967 -120.998 1 1 0.503
-4.39948 -36.0377 -119.741 1 1 0.503
-4.83622 -35.7882 -118.169 1 1 0.503
-5.27965 -35.5507 -116.283 1 1 0.503
-5.73065 -35.328 -114.082 1 1 0.503
-6.18987 -35.1227 -111.567 1 1 0.503
-6.65765 -34.9378 -109.052 1 1 0.503
-7.1331 -34.7736 -106.537 1 1 0.503
-7.61529 -34.6305 -104.022 1 1 0.503
-8.1033 -34.5086 -101.507 1 1 0.503
-8.59619 -34.4082 -98.9919 1 1 0.503
-9.09301 -34.3296 -96.4769 1 1 0.503
-9.5928 -34.2729 -93.9619 1 1 0.503
-10.0946 -34.2381 -91.4469 1 1 0.503
-10.5974 -34.2254 -88.9319 0 1 0.503
-11.1003 -34.2348 -86.7313 0 1 0.503
-11.6025 -34.2635 -84.845 0 1 0.503
-12.1035 -34.3087 -83.2731 0 1 0.503
-12.603 -34.3676 -82.0156 0 1 0.503
-13.1012 -34.4375 -81.0725 0 1 0.503
-13.5981 -34.5155 -80.4437 0 1 0.503
-14.0941 -34.599 -80.1294 0 1 0.503
-14.5896 -34.6852 -80.1294 0 1 0.503
-15.0852 -34.7715 -80.1294 0 0 0.502
-15.5798 -34.8575 -80.1294 0 0 0.501
-16.0733 -34.9434 -80.1294 0 0 0.5
-16.5659 -35.0291 -80.7544 -1 0 0.499
-17.0585 -35.1093 -81.69 -1 0 0.498
-17.5512 -35.1812 -82.935 -1 0 0.497
-18.0445 -35.2424 -84.4881 -1 0 0.496
-18.5382 -35.29 -86.3481 -1 0 0.495
-19.0322 -35.3215 -88.5138 -1 0 0.494
-19.526 -35.3344 -90.9838 -1 0 0.493
-20.0189 -35.3259 -93.4488 -1 0 0.492
-20.0189 -35.2963 -95.9088 -1 0 0.491
-20.0189 -35.2457 -98.3638 -1 0 0.49
-20.0189 -35.1745 -100.814 -1 0 0.489
-20.0189 -35.0827 -103.259 -1 0 0.488
-20.0189 -34.9708 -105.699 -1 0 0.487
-20.0189 -34.839 -108.134 -1 0 0.486
-20.0189 -34.6878 -110.564 -1 0 0.485
-20.0189 -34.5174 -112.989 -1 0 0.484
-20.0189 -34.3284 -115.409 -1 0 0.483
-20.0189 -34.1211 -117.824 -1 0 0.482
-20.0189 -33.8961 -120.234 -1 0 0.481
-20.0189 -33.6539 -122.639 -1 0 0.48
-20.0189 -33.3951 -125.039 -1 0 0.479
-20.0189 -33.1201 -127.434 -1 0 0.478
-20.0189 -32.8295 -129.824 -1 0 0.477
-20.0189 -32.524 -132.209 -1 0 0.476
-20.0189 -32.2042 -134.589 -1 0 0.475
-20.0189 -31.8708 -136.964 -1 0 0.474
-20.0189 -31.5243 -139.334 -1 0 0.473
-20.0189 -31.1655 -141.699 -1 0 0.472
-20.0189 -30.7951 -144.059 -1 0 0.471
-20.0189 -30.4138 -146.414 -1 0 0.47
-20.0189 -30.0223 -148.764 -1 0 0.469
-20.0189 -29.6212 -151.109 -1 0 0.468
-20.0189 -29.2115 -153.449 -1 0 0.467
-20.0189 -28.7937 -155.784 -1 0 0.466
-20.0189 -28.3687 -158.114 -1 0 0.465
-20.0189 -27.9373 -160.439 -1 0 0.464
-20.0189 -27.5 -162.759 -1 0 0.463
-20.0189 -27.0578 -165.074 -1 0 0.462
-20.0189 -26.6114 -167.384 -1 0 0.461
-20.0189 -26.1616 -169.689 -1 0 0.46
-20.0189 -26.0107 -170.455 -1 1 0.158333
-20.0189 -25.8546 -171.247 -1 1 0.163333
-20.0189 -25.6931 -172.064 -1 1 0.168333
-20.0189 -25.5264 -172.905 -1 1 0.173333
-20.0189 -25.3544 -173.772 -1 1 0.178333
-20.0189 -25.1771 -174.664 -1 1 0.183333
-20.0189 -24.9946 -175.58 -1 1 0.188333
-20.0189 -24.8068 -176.522 -1 1 0.193333
-20.0189 -24.6138 -177.489 -1 1 0.198333
-20.0189 -24.4157 -178.48 -1 1 0.203333
-20.0189 -24.2124 -179.497 -1 1 0.208333
-20.0189 -24.0041 -180.539 -1 1 0.213333
-20.0169 -23.7908 -181.605 -1 1 0.218333
-20.0108 -23.5725 -182.697 0 1 0.223333
-20.0003 -23.3494 -183.674 0 1 0.228333
-19.9857 -23.1216 -184.53 0 1 0.233333
-19.9672 -22.889 -185.26 0 1 0.238333
-19.9454 -22.6516 -185.855 0 1 0.243333
-19.9205 -22.4096 -186.312 0 1 0.248333
-19.8932 -22.1628 -186.312 1 1 0.253333
-19.8654 -21.911 -186.153 1 1 0.258333
-19.8377 -21.6541 -185.83 1 1 0.263333
-19.8109 -21.3921 -185.501 0 1 0.268333
-19.7852 -21.125 -185.334 0 1 0.273333
-19.7598 -20.8529 -185.334 0 1 0.278333
-19.7339 -20.5758 -185.334 0 1 0.283333
-19.7076 -20.2937 -185.334 0 1 0.288333
-19.6808 -20.0066 -185.334 0 1 0.293333
-19.6535 -19.7145 -185.334 0 1 0.298333
-19.6258 -19.4175 -185.334 0 1 0.303333
-19.5976 -19.1154 -185.334 0 1 0.308333
-19.5689 -18.8085 -185.334 0 1 0.313333
-19.5398 -18.4965 -185.334 0 1 0.318333
-19.5102 -18.1795 -185.334 0 1 0.323333
-19.4802 -17.8576 -185.334 0 1 0.328333
-19.4496 -17.5307 -185.334 0 1 0.333333
-19.4186 -17.1988 -185.334 0 1 0.338333
-19.3872 -16.8619 -185.334 0 1 0.343333
-19.3553 -16.5201 -185.334 0 1 0.348333
-19.3229 -16.1732 -185.334 0 1 0.353333
-19.29 -15.8214 -185.334 0 1 0.358333
-19.2567 -15.4647 -185.334 0 1 0.363333
-19.223 -15.1029 -185.334 0 1 0.368333
-19.1887 -14.7362 -185.334 0 1 0.373333
-19.154 -14.3644 -185.334 0 1 0.378333
-19.1188 -13.9877 -185.334 0 1 0.383333
-19.0832 -13.6061 -185.813 -1 1 0.388333
-19.0439 -13.2197 -186.541 -1 1 0.393333
-18.9991 -12.829 -187.524 -1 1 0.398333
-18.9469 -12.4341 -188.769 -1 1 0.403333
-18.8854 -12.0354 -190.281 -1 1 0.408333
-18.8125 -11.6337 -192.068 -1 1 0.413333
-18.7261 -11.2295 -194.135 -1 1 0.418333
-18.624 -10.8238 -196.226 -1 1 0.423333
-18.5057 -10.4173 -198.343 -1 1 0.428333
-18.3709 -10.0108 -200.485 -1 1 0.433333
-18.2192 -9.60483 -202.651 -1 1 0.438333
-18.0504 -9.20031 -204.843 -1 1 0.443333
-17.8641 -8.798 -207.06 -1 1 0.448333
-17.6602 -8.39875 -209.301 -1 1 0.453333
-17.4383 -8.00342 -211.568 -1 1 0.458333
-17.1984 -7.61291 -213.86 -1 1 0.463333
-16.9402 -7.22816 -216.176 -1 1 0.468333
-16.6638 -6.85012 -218.518 -1 1 0.473333
-16.369 -6.47978 -220.885 -1 1 0.478333
-16.0559 -6.11815 -223.276 -1 1 0.483333
-15.7246 -5.76626 -225.693 -1 1 0.488333
-15.3751 -5.42516 -228.135 -1 1 0.493333
-15.0077 -5.09592 -230.601 -1 1 0.498333
-14.6226 -4.77962 -233.093 -1 1 0.503333
-14.2201 -4.47736 -235.61 -1 1 0.503333
-13.8048 -4.19307 -238.126 -1 1 0.503333
-13.3773 -3.92729 -240.643 -1 1 0.503333
-12.9386 -3.68054 -243.16 -1 1 0.503333
-12.4895 -3.45328 -245.676 -1 1 0.503333
-12.0309 -3.24597 -248.193 -1 1 0.503333
-11.5636 -3.05899 -250.71 -1 1 0.503333
-11.0885 -2.89272 -253.226 -1 1 0.503333
-10.6066 -2.74746 -255.743 -1 1 0.503333
-10.1187 -2.62351 -258.26 -1 1 0.503333
-9.62593 -2.5211 -260.776 -1 1 0.503333
-9.1291 -2.44043 -263.293 -1 1 0.503333
-8.62921 -2.38164 -265.81 -1 1 0.503333
-8.12723 -2.34487 -268.326 -1 1 0.503333
-7.62411 -2.33017 -270.843 -1 1 0.503333
-7.12083 -2.33758 -273.36 -1 1 0.503333
-6.61836 -2.36709 -275.876 -1 1 0.503333
-6.11767 -2.41862 -278.393 -1 1 0.503333
-5.61973 -2.4921 -280.91 -1 1 0.503333
-5.12549 -2.58736 -283.426 -1 1 0.503333
-4.63592 -2.70424 -285.943 -1 1 0.503333
-4.15195 -2.8425 -288.46 -1 1 0.503333
-3.67451 -3.00188 -290.976 -1 1 0.503333
-3.20454 -3.18207 -293.493 -1 1 0.503333
-2.74293 -3.38272 -296.01 -1 0 0.502333
-2.29148 -3.60301 -298.521 -1 0 0.501333
-1.85099 -3.84239 -301.028 -1 0 0.500333
-1.42225 -4.1003 -303.53 -1 0 0.499333
-1.006 -4.37612 -306.026 -1 0 0.498333
-0.602982 -4.66922 -308.518 -1 0 0.497333
-0.213866 -4.97895 -311.005 -1 0 0.496333
0.160691 -5.30461 -313.486 -1 0 0.495333
0.520071 -5.64549 -315.963 -1 0 0.494333
0.863689 -6.00086 -318.435 -1 0 0.493333
1.191 -6.36998 -320.901 -1 0 0.492333
1.50149 -6.75206 -323.363 -1 0 0.491333
1.79468 -7.14633 -325.82 -1 0 0.490333
2.07015 -7.55197 -328.271 -1 0 0.489333
2.32748 -7.96818 -330.718 0 0 0.488333
2.4071 -8.11016 -331.43 0 1 0.167778
2.48733 -8.25751 -332.059 0 1 0.172778
2.56828 -8.41014 -332.599 0 1 0.177778
2.6501 -8.56798 -333.044 0 1 0.182778
2.73295 -8.7309 -333.386 0 1 0.187778
2.81707 -8.89878 -333.621 0 1 0.192778
2.90272 -9.07149 -333.742 0 1 0.197778
2.99022 -9.24886 -333.742 0 1 0.202778
3.07993 -9.43071 -333.742 0 1 0.207778
3.17185 -9.61705 -333.742 0 1 0.212778
3.26599 -9.80787 -333.742 0 1 0.217778
3.36233 -10.0032 -333.742 0 1 0.222778
3.46089 -10.203 -333.742 0 1 0.227778
3.56166 -10.4072 -333.742 0 1 0.232778
3.66465 -10.616 -333.742 0 1 0.237778
3.76984 -10.8292 -333.742 0 1 0.242778
3.87725 -11.047 -333.742 0 1 0.247778
3.98687 -11.2692 -333.432 1 1 0.252778
4.09992 -11.4953 -332.958 1 1 0.257778
4.21712 -11.7249 -332.313 1 1 0.262778
4.33921 -11.9576 -331.492 1 1 0.267778
4.46701 -12.1929 -330.488 1 1 0.272778
4.60138 -12.4303 -329.295 1 1 0.277778
4.74322 -12.6691 -327.906 1 1 0.282778
4.89346 -12.9087 -326.492 0 1 0.287778
5.05232 -13.1486 -325.233 0 1 0.292778
5.21927 -13.3891 -324.135 0 1 0.297778
5.39373 -13.6304 -323.204 0 0 0.296778
5.57149 -13.8681 -322.462 0 0 0.295778
5.7517 -14.1026 -321.908 0 0 0.294778
5.93355 -14.3346 -321.539 0 0 0.293778
6.11627 -14.5647 -321.356 0 0 0.292778
6.2991 -14.7933 -321.356 0 0 0.291778
6.48131 -15.0212 -321.356 0 0 0.290778
6.66289 -15.2484 -321.356 0 0 0.289778
6.84385 -15.4747 -321.356 0 0 0.288778
7.02418 -15.7002 -321.356 0 0 0.287778
7.20389 -15.925 -321.356 0 0 0.286778
7.38298 -16.149 -321.356 0 0 0.285778
7.56144 -16.3722 -321.356 0 0 0.284778
7.73927 -16.5946 -321.356 0 0 0.283778
7.91649 -16.8163 -321.356 0 0 0.282778
8.09307 -17.0371 -321.356 0 0 0.281778
8.26903 -17.2572 -321.356 0 0 0.280778
8.44437 -17.4765 -321.356 0 0 0.279778
8.61909 -17.695 -321.356 0 0 0.278778
8.79317 -17.9128 -321.356 0 0 0.277778
8.96664 -18.1297 -321.356 0 0 0.276778
9.13948 -18.3459 -321.356 0 0 0.275778
9.3117 -18.5613 -321.356 0 0 0.274778
9.48329 -18.7759 -321.356 0 0 0.273778
9.65425 -18.9897 -321.356 0 0 0.272778
9.8246 -19.2028 -321.356 0 0 0.271778
9.99431 -19.4151 -321.356 0 0 0.270778
10.1634 -19.6266 -321.356 0 0 0.269778
10.3319 -19.8373 -321.356 0 0 0.268778
10.4997 -20.0472 -321.356 0 0 0.267778
10.6669 -20.2563 -321.356 0 0 0.266778
10.8335 -20.4647 -321.356 0 0 0.265778
10.9995 -20.6723 -321.356 0 0 0.264778
11.1649 -20.8791 -321.356 0 0 0.263778
11.3296 -21.0851 -321.356 0 0 0.262778
11.4937 -21.2904 -321.356 0 0 0.261778
11.6571 -21.4948 -321.356 0 0 0.260778
11.82 -21.6985 -321.356 0 0 0.259778
11.9822 -21.9014 -321.356 0 0 0.258778
12.1438 -22.1035 -321.356 0 0 0.257778
12.3048 -22.3048 -321.356 0 0 0.256778
12.4651 -22.5054 -321.356 0 0 0.255778
12.6249 -22.7052 -321.356 0 0 0.254778
12.784 -22.9042 -321.356 0 0 0.253778
12.9424 -23.1024 -321.356 0 0 0.252778
13.1003 -23.2998 -321.356 0 0 0.251778
13.2575 -23.4965 -321.356 0 0 0.250778
