33 0 1
40 1 1
56 0 1
79 1 1
88 0 1
117 1 1
127 0 1
161 1 1
171 0 1
215 1 1
222 0 1
257 -1 1
260 0 1
392 -1 1
403 0 1
460 -1 1
474 0 1
508 -1 1
516 0 1
561 1 1
568 0 1
593 -1 1
598 0 1
620 1 1
621 0 1
632 1 1
637 0 1
648 1 1
654 0 1
663 1 1
671 0 1
678 1 1
687 0 1
715 -1 1
722 0 1
733 1 1
747 0 1
772 1 1
781 0 1
804 1 1
813 0 1
838 1 1
847 0 1
911 1 1
914 0 1
943 1 1
946 0 1
1132 1 1
1142 0 1
1206 1 1
1216 0 1
1234 1 1
1243 0 1
1291 1 1
1294 0 1
1316 1 1
1321 0 1
1340 -1 1
1344 0 1
1365 1 1
1368 0 1
1448 -1 1
1451 0 1
1522 1 1
1526 0 1
1546 -1 1
1550 0 1
1576 1 1
1579 0 1
1617 1 1
1623 0 1
1648 1 1
1655 0 1
1676 1 1
1686 0 1
1722 1 1
1728 0 1
1747 1 1
1760 0 1
1788 1 1
1795 0 1
1818 1 1
1830 0 1
1867 1 1
1874 0 1
1943 1 1
1948 0 1
1964 -1 1
1969 0 1
1986 1 1
1990 0 1
2026 -1 1
2029 0 1
2057 -1 1
2062 0 1
2085 -1 1
2092 0 1
2111 -1 1
2121 0 1
2158 -1 1
2167 0 1
2211 -1 1
2215 0 1
2233 1 1
2237 0 1
2254 -1 1
2259 0 1
2276 1 1
2282 0 1
2311 1 1
2318 0 1
2333 1 1
2343 0 1
2379 1 1
2387 0 1
2415 1 1
2426 0 1
2457 1 1
2466 0 1
2495 1 1
2503 0 1
2521 1 1
2531 0 1
2549 -1 1
2555 0 1
2569 1 1
2575 0 1
2610 1 1
2627 0 1
2643 -1 1
2651 0 1
2704 0 0
2712 0 -1
2863 1 -1
2903 1 0
2906 0 0
2909 -1 0
2911 -1 1
3084 0 1
3099 1 1
3102 1 0
3103 0 0
3106 1 0
3119 0 0
3127 0 -1
3152 0 0
