1 1 2 0 0 0 0 0 0
1 6 2 0 0 0 0 0 1
1 8 2 0 0 0 0 1 1
1 28 2 0 0 0 0 0 1
1 51 2 0 0 0 0 1 1
1 64 2 0 0 0 0 0 1
1 112 2 0 0 0 0 1 1
1 126 2 0 0 0 0 0 1
1 149 2 0 0 0 0 -1 1
1 155 2 0 0 0 0 0 1
1 166 2 0 0 0 0 1 1
1 180 2 0 0 0 0 0 1
1 377 2 0 0 0 0 -1 1
1 378 2 0 0 0 0 0 1
1 383 2 0 0 0 0 -1 1
1 386 2 0 0 0 0 0 1
1 387 2 0 0 0 0 -1 1
1 389 2 0 0 0 0 0 1
1 390 2 0 0 0 0 -1 1
1 391 2 0 0 0 0 0 1
1 393 2 0 0 0 0 -1 1
1 394 2 0 0 0 0 0 1
1 396 2 0 0 0 0 -1 1
1 397 2 0 0 0 0 0 1
1 398 2 0 0 0 0 -1 1
1 400 2 0 0 0 0 0 1
1 401 2 0 0 0 0 -1 1
1 403 2 0 0 0 0 0 1
1 404 2 0 0 0 0 -1 1
1 406 2 0 0 0 0 0 1
1 408 2 0 0 0 0 -1 1
1 410 2 0 0 0 0 0 1
1 417 2 0 0 0 0 -1 1
1 419 2 0 0 0 0 0 1
1 422 2 0 0 0 0 -1 1
1 424 2 0 0 0 0 0 1
1 426 2 0 0 0 0 -1 1
1 428 2 0 0 0 0 0 1
1 430 2 0 0 0 0 -1 1
1 432 2 0 0 0 0 0 1
1 434 2 0 0 0 0 -1 1
1 435 2 0 0 0 0 0 1
1 437 2 0 0 0 0 -1 1
1 439 2 0 0 0 0 0 1
1 441 2 0 0 0 0 -1 1
1 444 2 0 0 0 0 0 1
1 446 2 0 0 0 0 -1 1
1 448 2 0 0 0 0 0 1
1 450 2 0 0 0 0 -1 1
1 452 2 0 0 0 0 0 1
1 454 2 0 0 0 0 -1 1
1 463 2 0 0 0 0 0 1
1 497 2 0 0 0 0 -1 1
1 499 2 0 0 0 0 0 1
1 505 2 0 0 0 0 -1 1
1 507 2 0 0 0 0 0 1
1 509 2 0 0 0 0 -1 1
1 511 2 0 0 0 0 0 1
1 584 2 0 0 0 0 0 0
.0072 -43.2568 0.997425 -0.0717115 85.8875 322.5
0 231 1 0 0 0 0 0 0.5 50.9918 -43.687 0.997425 -0.0717115 85.8875 142.5
0 244 1 0 0 0 0 0 0.5 57.4802 -44.0633 0.999238 -0.0390382 87.7625 337.5
0 256 1 0 0 0 0 0 0.5 63.4756 -44.2975 0.999238 -0.0390382 87.7625 157.5
0 268 1 0 0 0 0 0 0.5 69.471 -44.5318 0.999238 -0.0390382 87.7625 337.5
0 279 1 0 0 0 0 0 0.5 74.9668 -44.7465 0.999238 -0.0390382 87.7625 142.5
0 290 1 0 0 0 0 0 0.5 80.4642 -44.9149 0.999604 -0.0281361 88.3875 307.5
0 301 1 0 0 0 0 0 0.5 85.962 -45.0696 0.999604 -0.0281361 88.3875 112.5
0 312 1 0 0 0 0 0 0.5 91.4599 -45.2216 0.999852 -0.0172307 89.0125 277.5
0 324 1 0 0 0 0 0 0.5 97.459 -45.325 0.999852 -0.0172307 89.0125 97.5
0 335 1 0 0 0 0 0 0.5 102.958 -45.4198 0.999852 -0.0172307 89.0125 262.5
0 347 1 0 0 0 0 0 0.5 108.957 -45.5231 0.999852 -0.0172307 89.0125 82.5
0 358 1 0 0 0 0 0 0.5 114.456 -45.6179 0.999852 -0.0172307 89.0125 247.5
0 368 1 0 0 0 0 0 0.5 119.456 -45.704 0.999852 -0.0172307 89.0125 37.5
0 379 1 0 0 0 0 0 0.5 124.955 -45.7988 0.999852 -0.0172307 89.0125 202.5
0 390 1 0 0 0 0 0 0.5 130.454 -45.8935 0.999852 -0.0172307 89.0125 7.5
0 401 1 0 0 0 0 15 0.5 135.927 -46.3113 0.971135 -0.23853 76.2 172.5
0 413 1 0 0 0 0 0 0.5 141.645 -48.1225 0.948394 -0.317095 71.5125 352.5
0 426 1 0 0 0 0 0 0.5 147.809 -50.1836 0.948394 -0.317095 71.5125 187.5
0 438 1 0 0 0 0 18 0.5 153.467 -52.1758 0.90594 -0.423407 64.95 7.5
0 456 1 0 0 0 0 0 0.5 160.17 -58.051 0.662785 -0.74881 41.5125 277.5
0 469 1 0 0 0 0 0 0.5 164.478 -62.9183 0.662785 -0.74881 41.5125 112.5
0 479 1 0 0 0 0 0 0.5 167.792 -66.6623 0.662785 -0.74881 41.5125 262.5
0 491 1 0 0 0 0 24 0.5 171.59 -71.2978 0.503963 -0.863725 30.2625 82.5
0 501 1 0 0 0 0 3 0.5 173.299 -75.9683 0.204924 -0.978778 11.825 232.5
0 512 1 0 0 0 0 0 0.5 174.4 -81.3571 0.199582 -0.979881 11.5125 37.5
0 526 1 0 0 0 0 18 0.5 175.703 -88.2326 0.0862866 -0.99627 4.95 247.5
0 538 1 0 0 0 0 0 0.5 175.045 -94.1612 -0.233234 -0.972421 -13.4875 67.5
 0.458117 -0.888892 27.2656 67.5
 644 1 0 0 0 0 -21 0.5 187.905 -160.386 0.719531 -0.694461 46.0156 247.5
 655 1 0 0 0 0 0 0.5 192.256 -163.739 0.8168 -0.576921 54.7656 52.5
